PRINT ELEMENT TABLE ITEMS PER ELEMENT
 
  ***** POST1 ELEMENT TABLE LISTING *****                                      
 
    STAT     MIXED        MIXED        MIXED        MIXED        MIXED        MIXED        MIXED   
    ELEM     FX_MAX       FX_MIN       MY_MAX       MY_MIN       MZ_MAX       MZ_MIN       AREA    
       1  0.72853E+006-0.36095E+006 0.94255E+006 -808.20       6080.3     -0.94267E+006 0.78479         
      40  0.11038E+007  14366.       436.98     -0.99917E+006 0.99578E+006 -3020.3      0.78479
     
      41  0.34813E+006-0.35595E+006 0.95680E+006  444.03       5345.3     -0.94571E+006 0.78479     
      80      723448.  19364.      -191.64     -0.10061E+007 0.99732E+006 -2628.4      0.78479  
   
      81  -70352.         -358972.     954897. -444.03       497.69     -0.94571E+006 0.78479       
     120  0.30496E+006  16343.       191.64     -0.10052E+007 0.99732E+006 -226.50      0.78479  
   
     121 -0.36095E+006-0.64075E+006 0.93961E+006  808.20      -42.133     -0.94267E+006 0.78479     
     160   14366.     -0.26544E+006 -436.98     -0.99773E+006 0.99578E+006  69.975      0.78479 
    
     161  0.75117E+006 0.15017E+006 0.94817E+006  1531.8      0.74477E-004-0.96341E+006 0.78479          
     200  0.11265E+007 0.52548E+006 -748.46     -0.10020E+007 0.10059E+007-0.76943E-004 0.78479
     
     201  0.15017E+006-0.45083E+006 0.94511E+006 -1531.8      0.16325E-004-0.96341E+006 0.78479     
     240  0.52548E+006 -75516.       748.46     -0.10005E+007 0.10059E+007-0.17842E-004 0.78479 
    
     241  0.90000E+006 0.62019E+006 0.94255E+006  3752.7      -6080.3         -948713. 0.78479  
     280  0.12753E+007 0.99551E+006 -1875.7     -0.99917E+006 0.99873E+006  3020.3      0.78479   
  
     281  0.63675E+006 0.34813E+006 0.95680E+006  1461.0      -5345.3     -0.95155E+006 0.78479 
     320  0.10121E+007     723448. -739.20     -0.10061E+007 0.10002E+007  2628.4      0.78479   
  
     321  0.63373E+006 -70352.          954897. -1461.0      -497.69     -0.95155E+006 0.78479  
     360  0.10090E+007 0.30496E+006  739.20     -0.10052E+007 0.10002E+007  226.50      0.78479  
   
     361  0.62019E+006-0.46928E+006 0.93961E+006 -3752.7       42.133         -948713. 0.78479 
     400  0.99551E+006 -93966.       1875.7     -0.99773E+006 0.99873E+006 -69.975      0.78479        

 MINIMUM VALUES
 ELEM        121          121          280           80          241          161            1
 VALUE  -0.36095E+006-0.64075E+006 -1875.7     -0.10061E+007 -6080.3     -0.96341E+006 0.78479     

 MAXIMUM VALUES
 ELEM        280          280           41          241          200          280            1
 VALUE   0.12753E+007 0.99551E+006 0.95680E+006  3752.7      0.10059E+007  3020.3      0.78479     
